4.21056 0.709959 0.685795 0.638519
4.21056 0.709959 0.685795 0.638519
4.88625 4.53819 0.37008 1.88568
4.88688 4.53819 0.370086 1.88568
4.88641 4.53797 0.370091 1.88565
4.88606 4.53784 0.370092 1.88564
4.88927 4.58749 0.369544 1.89329
4.88007 4.39543 0.379575 1.85496
4.89907 4.72736 0.369696 1.91425
4.89119 4.60635 0.369748 1.89644
4.89862 4.72045 0.369688 1.91324
4.89758 4.71891 0.369696 1.91302
4.89091 4.61673 0.369874 1.89816
4.89206 4.61977 0.369851 1.8986
4.9057 4.82922 0.369892 1.92919
4.8841 4.46121 0.379248 1.86663
